Sun                                    Earth                                    
0            0            1            0            
0            0            0.785523            0.596326            
0            0            0.176262            1.19265            
0            0            -0.756283            1.54356            
0            0            -1.72854            1.62577            
0            0            -2.642            1.588            
0            0            -3.5044            1.50218            
0            0            -4.33118            1.39497            
0            0            -5.133            1.27706            
0            0            -5.91668            1.1533            
0            0            -6.68666            1.02613            
