Sun                                    Earth                                    
0            0            1            0            
0            0            0.997855            0.00596326            
0            0            0.995671            0.0119265            
0            0            0.993447            0.0178895            
0            0            0.991183            0.0238521            
0            0            0.98888            0.0298139            
0            0            0.986536            0.0357748            
0            0            0.984152            0.0417344            
0            0            0.981727            0.0476926            
0            0            0.979262            0.053649            
0            0            0.976756            0.0596035            
0            0            0.974209            0.0655557            
0            0            0.97162            0.0715055            
0            0            0.968991            0.0774524            
0            0            0.96632            0.0833963            
0            0            0.963607            0.0893368            
0            0            0.960853            0.0952738            
0            0            0.958056            0.101207            
0            0            0.955217            0.107136            
0            0            0.952337            0.11306            
0            0            0.949413            0.11898            
0            0            0.946447            0.124894            
0            0            0.943438            0.130804            
0            0            0.940387            0.136707            
0            0            0.937292            0.142605            
0            0            0.934154            0.148496            
0            0            0.930972            0.154381            
0            0            0.927747            0.160258            
0            0            0.924478            0.166129            
0            0            0.921166            0.171992            
0            0            0.917809            0.177847            
0            0            0.914408            0.183694            
0            0            0.910963            0.189532            
0            0            0.907473            0.195361            
0            0            0.903938            0.201181            
0            0            0.900359            0.206991            
0            0            0.896735            0.212791            
0            0            0.893066            0.218581            
0            0            0.889351            0.224361            
0            0            0.885591            0.230129            
0            0            0.881786            0.235885            
0            0            0.877935            0.24163            
0            0            0.874038            0.247363            
0            0            0.870096            0.253082            
0            0            0.866107            0.258789            
0            0            0.862072            0.264483            
0            0            0.857991            0.270162            
0            0            0.853864            0.275828            
0            0            0.84969            0.281478            
0            0            0.845469            0.287114            
0            0            0.841201            0.292734            
0            0            0.836887            0.298338            
0            0            0.832525            0.303926            
0            0            0.828117            0.309497            
0            0            0.823661            0.315051            
0            0            0.819158            0.320587            
0            0            0.814608            0.326105            
0            0            0.81001            0.331605            
0            0            0.805364            0.337085            
0            0            0.800671            0.342546            
0            0            0.79593            0.347987            
0            0            0.791141            0.353407            
0            0            0.786304            0.358806            
0            0            0.781419            0.364184            
0            0            0.776486            0.36954            
0            0            0.771505            0.374874            
0            0            0.766476            0.380184            
0            0            0.761399            0.385472            
0            0            0.756273            0.390735            
0            0            0.751098            0.395974            
0            0            0.745876            0.401187            
0            0            0.740605            0.406376            
0            0            0.735285            0.411538            
0            0            0.729917            0.416673            
0            0            0.724501            0.421781            
0            0            0.719036            0.426862            
0            0            0.713522            0.431915            
0            0            0.70796            0.436938            
0            0            0.702349            0.441932            
0            0            0.69669            0.446896            
0            0            0.690982            0.45183            
0            0            0.685226            0.456733            
0            0            0.679421            0.461604            
0            0            0.673568            0.466442            
0            0            0.667666            0.471248            
0            0            0.661716            0.47602            
0            0            0.655718            0.480758            
0            0            0.649672            0.485462            
0            0            0.643577            0.49013            
0            0            0.637434            0.494762            
0            0            0.631243            0.499358            
0            0            0.625005            0.503916            
0            0            0.618718            0.508437            
0            0            0.612384            0.512919            
0            0            0.606003            0.517362            
0            0            0.599574            0.521765            
0            0            0.593097            0.526129            
0            0            0.586574            0.530451            
0            0            0.580003            0.534731            
0            0            0.573386            0.538969            
0            0            0.566722            0.543164            
0            0            0.560012            0.547315            
0            0            0.553255            0.551422            
0            0            0.546452            0.555484            
0            0            0.539604            0.559501            
0            0            0.53271            0.56347            
0            0            0.52577            0.567393            
0            0            0.518786            0.571269            
0            0            0.511756            0.575096            
0            0            0.504682            0.578873            
0            0            0.497564            0.582601            
0            0            0.490402            0.586279            
0            0            0.483196            0.589905            
0            0            0.475946            0.59348            
0            0            0.468654            0.597002            
0            0            0.461319            0.600471            
0            0            0.453942            0.603886            
0            0            0.446522            0.607246            
0            0            0.439062            0.610551            
0            0            0.43156            0.6138            
0            0            0.424017            0.616992            
0            0            0.416434            0.620127            
0            0            0.408811            0.623204            
0            0            0.401148            0.626223            
0            0            0.393447            0.629181            
0            0            0.385707            0.63208            
0            0            0.377929            0.634918            
0            0            0.370114            0.637694            
0            0            0.362261            0.640409            
0            0            0.354373            0.64306            
0            0            0.346448            0.645648            
0            0            0.338488            0.648172            
0            0            0.330493            0.650631            
0            0            0.322464            0.653025            
0            0            0.314401            0.655352            
0            0            0.306306            0.657613            
0            0            0.298178            0.659807            
0            0            0.290018            0.661932            
0            0            0.281827            0.663989            
0            0            0.273607            0.665977            
0            0            0.265356            0.667894            
0            0            0.257077            0.669742            
0            0            0.248769            0.671518            
0            0            0.240434            0.673223            
0            0            0.232072            0.674855            
0            0            0.223684            0.676415            
0            0            0.215271            0.677901            
0            0            0.206833            0.679314            
0            0            0.198372            0.680652            
0            0            0.189888            0.681915            
0            0            0.181382            0.683103            
0            0            0.172855            0.684215            
0            0            0.164307            0.685251            
0            0            0.155741            0.68621            
0            0            0.147155            0.687091            
0            0            0.138552            0.687895            
0            0            0.129932            0.68862            
0            0            0.121297            0.689267            
0            0            0.112646            0.689835            
0            0            0.103982            0.690324            
0            0            0.0953046            0.690732            
0            0            0.086615            0.691061            
0            0            0.0779144            0.691309            
0            0            0.0692037            0.691477            
0            0            0.0604838            0.691563            
0            0            0.0517558            0.691568            
0            0            0.0430206            0.691492            
0            0            0.0342793            0.691333            
0            0            0.0255329            0.691093            
0            0            0.0167825            0.69077            
0            0            0.00802894            0.690365            
0            0            -0.000726583            0.689877            
0            0            -0.00948307            0.689306            
0            0            -0.0182395            0.688653            
0            0            -0.0269947            0.687916            
0            0            -0.0357478            0.687096            
0            0            -0.0444976            0.686193            
0            0            -0.053243            0.685206            
0            0            -0.0619831            0.684137            
0            0            -0.0707167            0.682984            
0            0            -0.0794427            0.681747            
0            0            -0.0881601            0.680427            
0            0            -0.0968678            0.679025            
0            0            -0.105565            0.677538            
0            0            -0.11425            0.675969            
0            0            -0.122922            0.674317            
0            0            -0.13158            0.672582            
0            0            -0.140223            0.670765            
0            0            -0.14885            0.668865            
0            0            -0.15746            0.666882            
0            0            -0.166051            0.664818            
0            0            -0.174624            0.662671            
0            0            -0.183175            0.660444            
0            0            -0.191706            0.658134            
0            0            -0.200214            0.655744            
0            0            -0.208698            0.653273            
0            0            -0.217158            0.650722            
0            0            -0.225592            0.648091            
0            0            -0.234            0.645381            
0            0            -0.24238            0.642591            
0            0            -0.250732            0.639722            
0            0            -0.259054            0.636775            
0            0            -0.267346            0.633751            
0            0            -0.275606            0.630648            
0            0            -0.283834            0.627469            
0            0            -0.292028            0.624214            
0            0            -0.300188            0.620883            
0            0            -0.308313            0.617476            
0            0            -0.316401            0.613995            
0            0            -0.324453            0.61044            
0            0            -0.332467            0.606811            
0            0            -0.340442            0.603109            
0            0            -0.348377            0.599335            
0            0            -0.356272            0.595489            
0            0            -0.364126            0.591572            
0            0            -0.371937            0.587585            
0            0            -0.379706            0.583528            
0            0            -0.387431            0.579402            
0            0            -0.395111            0.575208            
0            0            -0.402747            0.570946            
0            0            -0.410336            0.566617            
0            0            -0.417879            0.562223            
0            0            -0.425374            0.557763            
0            0            -0.432822            0.553238            
0            0            -0.440221            0.54865            
0            0            -0.44757            0.543998            
0            0            -0.45487            0.539285            
0            0            -0.462119            0.53451            
0            0            -0.469317            0.529674            
0            0            -0.476464            0.524779            
0            0            -0.483558            0.519824            
0            0            -0.490599            0.514812            
0            0            -0.497587            0.509742            
0            0            -0.50452            0.504615            
0            0            -0.5114            0.499433            
0            0            -0.518225            0.494196            
0            0            -0.524994            0.488905            
0            0            -0.531708            0.483561            
0            0            -0.538366            0.478164            
0            0            -0.544967            0.472717            
0            0            -0.551511            0.467218            
0            0            -0.557998            0.46167            
0            0            -0.564427            0.456073            
0            0            -0.570799            0.450428            
0            0            -0.577112            0.444736            
0            0            -0.583366            0.438998            
0            0            -0.589561            0.433214            
0            0            -0.595698            0.427386            
0            0            -0.601774            0.421514            
0            0            -0.607792            0.415599            
0            0            -0.613749            0.409643            
0            0            -0.619646            0.403645            
0            0            -0.625483            0.397607            
0            0            -0.631259            0.39153            
0            0            -0.636975            0.385414            
0            0            -0.64263            0.37926            
0            0            -0.648223            0.373069            
0            0            -0.653756            0.366843            
0            0            -0.659228            0.360581            
0            0            -0.664638            0.354285            
0            0            -0.669988            0.347955            
0            0            -0.675275            0.341593            
0            0            -0.680501            0.335198            
0            0            -0.685666            0.328773            
0            0            -0.690769            0.322317            
0            0            -0.695811            0.315832            
0            0            -0.700791            0.309318            
0            0            -0.705709            0.302776            
0            0            -0.710566            0.296206            
0            0            -0.715362            0.289611            
0            0            -0.720095            0.28299            
0            0            -0.724768            0.276343            
0            0            -0.729379            0.269673            
0            0            -0.733929            0.26298            
0            0            -0.738417            0.256263            
0            0            -0.742845            0.249525            
0            0            -0.747211            0.242766            
0            0            -0.751516            0.235986            
0            0            -0.755761            0.229187            
0            0            -0.759945            0.222368            
0            0            -0.764068            0.215531            
0            0            -0.768131            0.208676            
0            0            -0.772134            0.201805            
0            0            -0.776076            0.194917            
0            0            -0.779958            0.188013            
0            0            -0.783781            0.181094            
0            0            -0.787544            0.174161            
0            0            -0.791248            0.167215            
0            0            -0.794892            0.160255            
0            0            -0.798477            0.153282            
0            0            -0.802004            0.146298            
0            0            -0.805472            0.139302            
0            0            -0.808881            0.132296            
0            0            -0.812232            0.12528            
0            0            -0.815525            0.118254            
0            0            -0.818761            0.11122            
0            0            -0.821938            0.104177            
0            0            -0.825059            0.097126            
0            0            -0.828123            0.090068            
0            0            -0.831129            0.0830033            
0            0            -0.834079            0.0759325            
0            0            -0.836973            0.068856            
0            0            -0.839811            0.0617744            
0            0            -0.842593            0.0546883            
0            0            -0.845319            0.0475981            
0            0            -0.84799            0.0405042            
0            0            -0.850607            0.0334073            
0            0            -0.853168            0.0263078            
0            0            -0.855675            0.0192061            
0            0            -0.858128            0.0121028            
0            0            -0.860527            0.00499826            
0            0            -0.862873            -0.00210704            
0            0            -0.865165            -0.00921265            
0            0            -0.867404            -0.0163181            
0            0            -0.86959            -0.0234231            
0            0            -0.871724            -0.030527            
0            0            -0.873806            -0.0376295            
0            0            -0.875836            -0.0447302            
0            0            -0.877814            -0.0518287            
0            0            -0.879741            -0.0589246            
0            0            -0.881617            -0.0660175            
0            0            -0.883443            -0.0731069            
0            0            -0.885218            -0.0801926            
0            0            -0.886943            -0.0872742            
0            0            -0.888618            -0.0943512            
0            0            -0.890244            -0.101423            
0            0            -0.89182            -0.10849            
0            0            -0.893348            -0.115552            
0            0            -0.894827            -0.122607            
0            0            -0.896258            -0.129656            
0            0            -0.897641            -0.136699            
0            0            -0.898977            -0.143735            
0            0            -0.900265            -0.150764            
0            0            -0.901506            -0.157785            
0            0            -0.9027            -0.164798            
0            0            -0.903848            -0.171803            
0            0            -0.904949            -0.1788            
0            0            -0.906005            -0.185788            
0            0            -0.907016            -0.192767            
0            0            -0.907981            -0.199736            
0            0            -0.908901            -0.206696            
0            0            -0.909777            -0.213647            
0            0            -0.910608            -0.220587            
0            0            -0.911395            -0.227517            
0            0            -0.912139            -0.234436            
0            0            -0.912839            -0.241345            
0            0            -0.913496            -0.248242            
0            0            -0.914111            -0.255128            
0            0            -0.914682            -0.262003            
0            0            -0.915212            -0.268866            
0            0            -0.915699            -0.275717            
0            0            -0.916145            -0.282555            
0            0            -0.91655            -0.289381            
0            0            -0.916914            -0.296195            
0            0            -0.917237            -0.302995            
0            0            -0.917519            -0.309783            
0            0            -0.917761            -0.316557            
0            0            -0.917964            -0.323318            
0            0            -0.918126            -0.330065            
0            0            -0.91825            -0.336798            
0            0            -0.918334            -0.343517            
0            0            -0.91838            -0.350222            
0            0            -0.918387            -0.356913            
0            0            -0.918356            -0.363589            
0            0            -0.918287            -0.37025            
0            0            -0.918181            -0.376897            
0            0            -0.918037            -0.383528            
0            0            -0.917856            -0.390144            
0            0            -0.917638            -0.396745            
0            0            -0.917384            -0.40333            
0            0            -0.917094            -0.4099            
0            0            -0.916767            -0.416454            
0            0            -0.916405            -0.422992            
0            0            -0.916007            -0.429513            
0            0            -0.915574            -0.436019            
0            0            -0.915107            -0.442508            
0            0            -0.914604            -0.44898            
0            0            -0.914067            -0.455436            
0            0            -0.913496            -0.461876            
0            0            -0.912892            -0.468298            
0            0            -0.912253            -0.474703            
0            0            -0.911581            -0.481091            
0            0            -0.910876            -0.487462            
0            0            -0.910138            -0.493816            
0            0            -0.909368            -0.500152            
0            0            -0.908565            -0.506471            
0            0            -0.90773            -0.512772            
0            0            -0.906864            -0.519055            
0            0            -0.905965            -0.52532            
0            0            -0.905035            -0.531568            
0            0            -0.904075            -0.537797            
0            0            -0.903083            -0.544008            
0            0            -0.90206            -0.550201            
0            0            -0.901007            -0.556375            
0            0            -0.899924            -0.562532            
0            0            -0.898811            -0.568669            
0            0            -0.897668            -0.574788            
0            0            -0.896496            -0.580889            
0            0            -0.895295            -0.58697            
0            0            -0.894064            -0.593033            
0            0            -0.892805            -0.599077            
0            0            -0.891517            -0.605102            
0            0            -0.8902            -0.611108            
0            0            -0.888856            -0.617095            
0            0            -0.887484            -0.623063            
0            0            -0.886084            -0.629012            
0            0            -0.884656            -0.634941            
0            0            -0.883201            -0.640851            
0            0            -0.881719            -0.646741            
0            0            -0.880211            -0.652612            
0            0            -0.878675            -0.658464            
0            0            -0.877114            -0.664295            
0            0            -0.875526            -0.670108            
0            0            -0.873912            -0.6759            
0            0            -0.872272            -0.681673            
0            0            -0.870607            -0.687426            
0            0            -0.868916            -0.693159            
0            0            -0.8672            -0.698873            
0            0            -0.86546            -0.704566            
0            0            -0.863694            -0.710239            
0            0            -0.861904            -0.715893            
0            0            -0.860089            -0.721526            
0            0            -0.85825            -0.727139            
0            0            -0.856388            -0.732732            
0            0            -0.854501            -0.738305            
0            0            -0.852591            -0.743858            
0            0            -0.850657            -0.749391            
0            0            -0.8487            -0.754903            
0            0            -0.84672            -0.760395            
0            0            -0.844718            -0.765866            
0            0            -0.842692            -0.771318            
0            0            -0.840644            -0.776749            
0            0            -0.838574            -0.782159            
0            0            -0.836482            -0.787549            
0            0            -0.834367            -0.792918            
0            0            -0.832231            -0.798267            
0            0            -0.830074            -0.803596            
0            0            -0.827894            -0.808904            
0            0            -0.825694            -0.814191            
0            0            -0.823473            -0.819458            
0            0            -0.82123            -0.824704            
0            0            -0.818967            -0.829929            
0            0            -0.816683            -0.835134            
0            0            -0.814379            -0.840318            
0            0            -0.812055            -0.845482            
0            0            -0.809711            -0.850625            
0            0            -0.807346            -0.855747            
0            0            -0.804962            -0.860848            
0            0            -0.802559            -0.865929            
0            0            -0.800136            -0.870988            
0            0            -0.797694            -0.876027            
0            0            -0.795232            -0.881046            
0            0            -0.792752            -0.886043            
0            0            -0.790253            -0.89102            
0            0            -0.787735            -0.895976            
0            0            -0.785199            -0.900911            
0            0            -0.782645            -0.905825            
0            0            -0.780072            -0.910718            
0            0            -0.777482            -0.915591            
0            0            -0.774873            -0.920442            
0            0            -0.772247            -0.925273            
0            0            -0.769603            -0.930083            
0            0            -0.766942            -0.934872            
0            0            -0.764264            -0.93964            
0            0            -0.761568            -0.944388            
0            0            -0.758855            -0.949114            
0            0            -0.756126            -0.95382            
0            0            -0.75338            -0.958504            
0            0            -0.750617            -0.963168            
0            0            -0.747838            -0.967811            
0            0            -0.745043            -0.972433            
0            0            -0.742232            -0.977034            
0            0            -0.739404            -0.981615            
0            0            -0.736561            -0.986174            
0            0            -0.733702            -0.990713            
0            0            -0.730827            -0.99523            
0            0            -0.727937            -0.999727            
0            0            -0.725032            -1.0042            
0            0            -0.722111            -1.00866            
0            0            -0.719175            -1.01309            
0            0            -0.716225            -1.01751            
0            0            -0.713259            -1.0219            
0            0            -0.710279            -1.02627            
0            0            -0.707285            -1.03062            
0            0            -0.704276            -1.03495            
0            0            -0.701252            -1.03926            
0            0            -0.698215            -1.04355            
0            0            -0.695163            -1.04781            
0            0            -0.692098            -1.05206            
0            0            -0.689018            -1.05629            
0            0            -0.685925            -1.06049            
0            0            -0.682819            -1.06468            
0            0            -0.679699            -1.06884            
0            0            -0.676565            -1.07298            
0            0            -0.673419            -1.0771            
0            0            -0.670259            -1.08121            
0            0            -0.667087            -1.08529            
0            0            -0.663901            -1.08935            
0            0            -0.660703            -1.09338            
0            0            -0.657492            -1.0974            
0            0            -0.654269            -1.1014            
0            0            -0.651033            -1.10538            
0            0            -0.647785            -1.10933            
0            0            -0.644525            -1.11327            
0            0            -0.641253            -1.11718            
0            0            -0.637969            -1.12108            
0            0            -0.634673            -1.12495            
0            0            -0.631365            -1.1288            
0            0            -0.628045            -1.13264            
0            0            -0.624715            -1.13645            
0            0            -0.621372            -1.14024            
0            0            -0.618019            -1.14401            
0            0            -0.614654            -1.14776            
0            0            -0.611278            -1.15149            
0            0            -0.607891            -1.1552            
0            0            -0.604493            -1.15889            
0            0            -0.601084            -1.16255            
0            0            -0.597665            -1.1662            
0            0            -0.594235            -1.16983            
0            0            -0.590795            -1.17344            
0            0            -0.587344            -1.17702            
0            0            -0.583883            -1.18059            
0            0            -0.580412            -1.18413            
0            0            -0.576931            -1.18766            
0            0            -0.573439            -1.19116            
0            0            -0.569938            -1.19465            
0            0            -0.566427            -1.19811            
0            0            -0.562906            -1.20155            
0            0            -0.559376            -1.20498            
0            0            -0.555836            -1.20838            
0            0            -0.552287            -1.21176            
0            0            -0.548729            -1.21512            
0            0            -0.545161            -1.21847            
0            0            -0.541584            -1.22179            
0            0            -0.537998            -1.22509            
0            0            -0.534403            -1.22837            
0            0            -0.530799            -1.23163            
0            0            -0.527186            -1.23487            
0            0            -0.523565            -1.23809            
0            0            -0.519935            -1.24129            
0            0            -0.516297            -1.24447            
0            0            -0.51265            -1.24763            
0            0            -0.508995            -1.25077            
0            0            -0.505332            -1.25389            
0            0            -0.50166            -1.25699            
0            0            -0.497981            -1.26007            
0            0            -0.494293            -1.26313            
0            0            -0.490597            -1.26617            
0            0            -0.486894            -1.26919            
0            0            -0.483183            -1.27219            
0            0            -0.479464            -1.27517            
0            0            -0.475738            -1.27814            
0            0            -0.472004            -1.28108            
0            0            -0.468263            -1.284            
0            0            -0.464515            -1.2869            
0            0            -0.460759            -1.28978            
0            0            -0.456996            -1.29264            
0            0            -0.453226            -1.29548            
0            0            -0.449449            -1.2983            
0            0            -0.445665            -1.3011            
0            0            -0.441874            -1.30388            
0            0            -0.438077            -1.30665            
0            0            -0.434273            -1.30939            
0            0            -0.430462            -1.31211            
0            0            -0.426645            -1.31481            
0            0            -0.422821            -1.3175            
0            0            -0.418991            -1.32016            
0            0            -0.415154            -1.3228            
0            0            -0.411311            -1.32543            
0            0            -0.407463            -1.32803            
0            0            -0.403608            -1.33062            
0            0            -0.399747            -1.33318            
0            0            -0.39588            -1.33573            
0            0            -0.392007            -1.33826            
0            0            -0.388129            -1.34076            
0            0            -0.384245            -1.34325            
0            0            -0.380355            -1.34572            
0            0            -0.376459            -1.34817            
0            0            -0.372559            -1.3506            
0            0            -0.368652            -1.35301            
0            0            -0.364741            -1.3554            
0            0            -0.360824            -1.35777            
0            0            -0.356902            -1.36012            
0            0            -0.352974            -1.36245            
0            0            -0.349042            -1.36476            
0            0            -0.345105            -1.36706            
0            0            -0.341162            -1.36933            
0            0            -0.337215            -1.37159            
0            0            -0.333263            -1.37382            
0            0            -0.329307            -1.37604            
0            0            -0.325346            -1.37824            
0            0            -0.32138            -1.38042            
0            0            -0.317409            -1.38258            
0            0            -0.313434            -1.38472            
0            0            -0.309455            -1.38684            
0            0            -0.305472            -1.38894            
0            0            -0.301484            -1.39102            
0            0            -0.297492            -1.39309            
0            0            -0.293496            -1.39513            
0            0            -0.289495            -1.39716            
0            0            -0.285491            -1.39916            
0            0            -0.281483            -1.40115            
0            0            -0.277471            -1.40312            
0            0            -0.273455            -1.40507            
0            0            -0.269436            -1.407            
0            0            -0.265412            -1.40891            
0            0            -0.261386            -1.4108            
0            0            -0.257355            -1.41268            
0            0            -0.253321            -1.41453            
0            0            -0.249284            -1.41637            
0            0            -0.245243            -1.41819            
0            0            -0.241199            -1.41999            
0            0            -0.237152            -1.42177            
0            0            -0.233101            -1.42353            
0            0            -0.229048            -1.42527            
0            0            -0.224991            -1.42699            
0            0            -0.220932            -1.4287            
0            0            -0.216869            -1.43039            
0            0            -0.212803            -1.43205            
0            0            -0.208735            -1.4337            
0            0            -0.204664            -1.43533            
0            0            -0.20059            -1.43694            
0            0            -0.196514            -1.43854            
0            0            -0.192435            -1.44011            
0            0            -0.188353            -1.44167            
0            0            -0.184269            -1.44321            
0            0            -0.180183            -1.44472            
0            0            -0.176094            -1.44623            
0            0            -0.172003            -1.44771            
0            0            -0.167909            -1.44917            
0            0            -0.163814            -1.45062            
0            0            -0.159716            -1.45204            
0            0            -0.155616            -1.45345            
0            0            -0.151514            -1.45484            
0            0            -0.147411            -1.45621            
0            0            -0.143305            -1.45757            
0            0            -0.139197            -1.4589            
0            0            -0.135088            -1.46022            
0            0            -0.130977            -1.46152            
0            0            -0.126864            -1.4628            
0            0            -0.12275            -1.46406            
0            0            -0.118634            -1.4653            
0            0            -0.114516            -1.46653            
0            0            -0.110397            -1.46773            
0            0            -0.106277            -1.46892            
0            0            -0.102155            -1.47009            
0            0            -0.098032            -1.47125            
0            0            -0.0939076            -1.47238            
0            0            -0.0897821            -1.4735            
0            0            -0.0856553            -1.47459            
0            0            -0.0815275            -1.47567            
0            0            -0.0773986            -1.47674            
0            0            -0.0732688            -1.47778            
0            0            -0.0691379            -1.47881            
0            0            -0.0650062            -1.47981            
0            0            -0.0608737            -1.4808            
0            0            -0.0567403            -1.48178            
0            0            -0.0526063            -1.48273            
0            0            -0.0484715            -1.48367            
0            0            -0.0443361            -1.48458            
0            0            -0.0402001            -1.48548            
0            0            -0.0360636            -1.48637            
0            0            -0.0319266            -1.48723            
0            0            -0.0277891            -1.48808            
0            0            -0.0236513            -1.48891            
0            0            -0.0195132            -1.48972            
0            0            -0.0153747            -1.49051            
0            0            -0.0112361            -1.49129            
0            0            -0.0070972            -1.49204            
0            0            -0.00295821            -1.49278            
0            0            0.00118086            -1.49351            
0            0            0.00531997            -1.49421            
0            0            0.00945906            -1.4949            
0            0            0.0135981            -1.49557            
0            0            0.017737            -1.49622            
0            0            0.0218758            -1.49685            
0            0            0.0260143            -1.49747            
0            0            0.0301526            -1.49807            
0            0            0.0342906            -1.49865            
0            0            0.0384282            -1.49921            
0            0            0.0425655            -1.49976            
0            0            0.0467022            -1.50028            
0            0            0.0508385            -1.5008            
0            0            0.0549743            -1.50129            
0            0            0.0591094            -1.50176            
0            0            0.0632439            -1.50222            
0            0            0.0673777            -1.50266            
0            0            0.0715108            -1.50309            
0            0            0.0756431            -1.50349            
0            0            0.0797746            -1.50388            
0            0            0.0839052            -1.50425            
0            0            0.0880349            -1.50461            
0            0            0.0921636            -1.50494            
0            0            0.0962913            -1.50526            
0            0            0.100418            -1.50556            
0            0            0.104543            -1.50585            
0            0            0.108668            -1.50611            
0            0            0.112791            -1.50636            
0            0            0.116913            -1.5066            
0            0            0.121033            -1.50681            
0            0            0.125153            -1.50701            
0            0            0.129271            -1.50719            
0            0            0.133387            -1.50735            
0            0            0.137502            -1.5075            
0            0            0.141616            -1.50763            
0            0            0.145728            -1.50774            
0            0            0.149838            -1.50784            
0            0            0.153947            -1.50791            
0            0            0.158054            -1.50797            
0            0            0.162159            -1.50802            
0            0            0.166262            -1.50804            
0            0            0.170364            -1.50805            
0            0            0.174463            -1.50805            
0            0            0.178561            -1.50802            
0            0            0.182657            -1.50798            
0            0            0.186751            -1.50792            
0            0            0.190843            -1.50784            
0            0            0.194932            -1.50775            
0            0            0.19902            -1.50764            
0            0            0.203105            -1.50752            
0            0            0.207188            -1.50737            
0            0            0.211269            -1.50721            
0            0            0.215347            -1.50703            
0            0            0.219423            -1.50684            
0            0            0.223497            -1.50663            
0            0            0.227568            -1.5064            
0            0            0.231637            -1.50616            
0            0            0.235703            -1.5059            
0            0            0.239767            -1.50562            
0            0            0.243828            -1.50532            
0            0            0.247886            -1.50501            
0            0            0.251942            -1.50468            
0            0            0.255995            -1.50434            
0            0            0.260045            -1.50397            
0            0            0.264092            -1.50359            
0            0            0.268136            -1.5032            
0            0            0.272178            -1.50279            
0            0            0.276216            -1.50236            
0            0            0.280252            -1.50191            
0            0            0.284284            -1.50145            
0            0            0.288313            -1.50097            
0            0            0.292339            -1.50048            
0            0            0.296362            -1.49996            
0            0            0.300382            -1.49944            
0            0            0.304398            -1.49889            
0            0            0.308411            -1.49833            
0            0            0.312421            -1.49775            
0            0            0.316427            -1.49716            
0            0            0.32043            -1.49654            
0            0            0.32443            -1.49592            
0            0            0.328425            -1.49527            
0            0            0.332418            -1.49461            
0            0            0.336406            -1.49393            
0            0            0.340391            -1.49324            
0            0            0.344373            -1.49253            
0            0            0.34835            -1.4918            
0            0            0.352324            -1.49106            
0            0            0.356294            -1.4903            
0            0            0.36026            -1.48953            
0            0            0.364222            -1.48873            
0            0            0.368181            -1.48793            
0            0            0.372135            -1.4871            
0            0            0.376085            -1.48626            
0            0            0.380031            -1.4854            
0            0            0.383973            -1.48453            
0            0            0.387911            -1.48364            
0            0            0.391845            -1.48273            
0            0            0.395774            -1.48181            
0            0            0.399699            -1.48087            
0            0            0.40362            -1.47992            
0            0            0.407536            -1.47895            
0            0            0.411448            -1.47796            
0            0            0.415356            -1.47696            
0            0            0.419259            -1.47594            
0            0            0.423158            -1.4749            
0            0            0.427052            -1.47385            
0            0            0.430941            -1.47278            
0            0            0.434825            -1.4717            
0            0            0.438705            -1.4706            
0            0            0.442581            -1.46948            
0            0            0.446451            -1.46835            
0            0            0.450316            -1.4672            
0            0            0.454177            -1.46604            
0            0            0.458033            -1.46486            
0            0            0.461884            -1.46366            
0            0            0.465729            -1.46245            
0            0            0.46957            -1.46122            
0            0            0.473406            -1.45998            
0            0            0.477236            -1.45872            
0            0            0.481062            -1.45744            
0            0            0.484882            -1.45615            
0            0            0.488697            -1.45484            
0            0            0.492506            -1.45352            
0            0            0.496311            -1.45218            
0            0            0.50011            -1.45082            
0            0            0.503903            -1.44945            
0            0            0.507691            -1.44806            
0            0            0.511474            -1.44666            
0            0            0.515251            -1.44524            
0            0            0.519022            -1.44381            
0            0            0.522788            -1.44235            
0            0            0.526548            -1.44089            
0            0            0.530302            -1.43941            
0            0            0.534051            -1.43791            
0            0            0.537793            -1.43639            
0            0            0.54153            -1.43486            
0            0            0.545261            -1.43332            
0            0            0.548987            -1.43176            
0            0            0.552706            -1.43018            
0            0            0.556419            -1.42859            
0            0            0.560126            -1.42698            
0            0            0.563827            -1.42536            
0            0            0.567522            -1.42372            
0            0            0.571211            -1.42207            
0            0            0.574893            -1.42039            
0            0            0.578569            -1.41871            
0            0            0.582239            -1.41701            
0            0            0.585903            -1.41529            
0            0            0.58956            -1.41356            
0            0            0.59321            -1.41181            
0            0            0.596855            -1.41005            
0            0            0.600492            -1.40827            
0            0            0.604124            -1.40647            
0            0            0.607748            -1.40466            
0            0            0.611366            -1.40284            
0            0            0.614977            -1.40099            
0            0            0.618582            -1.39914            
0            0            0.622179            -1.39727            
0            0            0.62577            -1.39538            
0            0            0.629354            -1.39347            
0            0            0.632931            -1.39156            
0            0            0.636501            -1.38962            
0            0            0.640065            -1.38767            
0            0            0.643621            -1.38571            
0            0            0.64717            -1.38373            
0            0            0.650712            -1.38173            
0            0            0.654246            -1.37972            
0            0            0.657774            -1.3777            
0            0            0.661294            -1.37566            
0            0            0.664807            -1.3736            
0            0            0.668313            -1.37153            
0            0            0.671811            -1.36944            
0            0            0.675302            -1.36734            
0            0            0.678785            -1.36522            
0            0            0.682261            -1.36309            
0            0            0.685729            -1.36094            
0            0            0.68919            -1.35878            
0            0            0.692643            -1.3566            
0            0            0.696088            -1.35441            
0            0            0.699526            -1.3522            
0            0            0.702956            -1.34997            
0            0            0.706378            -1.34774            
0            0            0.709792            -1.34548            
0            0            0.713198            -1.34321            
0            0            0.716596            -1.34093            
0            0            0.719986            -1.33863            
0            0            0.723369            -1.33632            
0            0            0.726743            -1.33399            
0            0            0.730109            -1.33164            
0            0            0.733466            -1.32928            
0            0            0.736816            -1.32691            
0            0            0.740157            -1.32452            
0            0            0.74349            -1.32211            
0            0            0.746815            -1.31969            
0            0            0.750131            -1.31726            
0            0            0.753438            -1.31481            
0            0            0.756738            -1.31235            
0            0            0.760028            -1.30987            
0            0            0.76331            -1.30737            
0            0            0.766584            -1.30486            
0            0            0.769849            -1.30234            
0            0            0.773105            -1.2998            
0            0            0.776352            -1.29725            
0            0            0.77959            -1.29468            
0            0            0.78282            -1.2921            
0            0            0.78604            -1.2895            
0            0            0.789252            -1.28689            
0            0            0.792455            -1.28426            
0            0            0.795648            -1.28162            
0            0            0.798833            -1.27896            
0            0            0.802008            -1.27629            
0            0            0.805174            -1.2736            
0            0            0.808331            -1.2709            
0            0            0.811479            -1.26819            
0            0            0.814617            -1.26545            
0            0            0.817746            -1.26271            
0            0            0.820865            -1.25995            
0            0            0.823975            -1.25717            
0            0            0.827076            -1.25439            
0            0            0.830166            -1.25158            
0            0            0.833248            -1.24876            
0            0            0.836319            -1.24593            
0            0            0.839381            -1.24308            
0            0            0.842433            -1.24022            
0            0            0.845475            -1.23734            
0            0            0.848508            -1.23445            
0            0            0.85153            -1.23155            
0            0            0.854543            -1.22863            
0            0            0.857545            -1.22569            
0            0            0.860537            -1.22274            
0            0            0.86352            -1.21978            
0            0            0.866492            -1.2168            
0            0            0.869454            -1.21381            
0            0            0.872405            -1.2108            
0            0            0.875347            -1.20778            
0            0            0.878278            -1.20475            
0            0            0.881198            -1.2017            
0            0            0.884108            -1.19863            
0            0            0.887008            -1.19555            
0            0            0.889897            -1.19246            
0            0            0.892775            -1.18935            
0            0            0.895643            -1.18623            
0            0            0.8985            -1.18309            
0            0            0.901346            -1.17994            
0            0            0.904182            -1.17678            
0            0            0.907006            -1.1736            
0            0            0.90982            -1.17041            
0            0            0.912623            -1.1672            
0            0            0.915414            -1.16398            
0            0            0.918195            -1.16075            
0            0            0.920964            -1.1575            
0            0            0.923723            -1.15423            
0            0            0.92647            -1.15095            
0            0            0.929205            -1.14766            
0            0            0.93193            -1.14436            
0            0            0.934643            -1.14104            
0            0            0.937344            -1.1377            
0            0            0.940035            -1.13435            
0            0            0.942713            -1.13099            
0            0            0.94538            -1.12762            
0            0            0.948035            -1.12423            
0            0            0.950679            -1.12082            
0            0            0.95331            -1.1174            
0            0            0.95593            -1.11397            
0            0            0.958538            -1.11053            
0            0            0.961135            -1.10707            
0            0            0.963719            -1.10359            
0            0            0.966291            -1.1001            
0            0            0.968851            -1.0966            
0            0            0.971399            -1.09309            
0            0            0.973934            -1.08956            
0            0            0.976458            -1.08602            
0            0            0.978969            -1.08246            
0            0            0.981468            -1.07889            
0            0            0.983954            -1.0753            
0            0            0.986428            -1.07171            
0            0            0.988889            -1.06809            
0            0            0.991337            -1.06447            
0            0            0.993773            -1.06083            
0            0            0.996197            -1.05718            
0            0            0.998607            -1.05351            
0            0            1.001            -1.04983            
0            0            1.00339            -1.04614            
0            0            1.00576            -1.04243            
0            0            1.00812            -1.03871            
0            0            1.01047            -1.03498            
0            0            1.0128            -1.03123            
0            0            1.01512            -1.02747            
0            0            1.01742            -1.02369            
0            0            1.01972            -1.0199            
0            0            1.022            -1.0161            
0            0            1.02426            -1.01229            
0            0            1.02652            -1.00846            
0            0            1.02875            -1.00462            
0            0            1.03098            -1.00076            
0            0            1.03319            -0.996893            
0            0            1.03539            -0.993011            
0            0            1.03757            -0.989116            
0            0            1.03974            -0.985208            
0            0            1.0419            -0.981286            
0            0            1.04404            -0.977351            
0            0            1.04617            -0.973403            
0            0            1.04829            -0.969442            
0            0            1.05039            -0.965467            
0            0            1.05247            -0.96148            
0            0            1.05455            -0.957479            
0            0            1.0566            -0.953465            
0            0            1.05865            -0.949438            
0            0            1.06067            -0.945398            
0            0            1.06269            -0.941345            
0            0            1.06469            -0.937279            
0            0            1.06667            -0.9332            
0            0            1.06864            -0.929108            
0            0            1.0706            -0.925003            
0            0            1.07254            -0.920885            
0            0            1.07446            -0.916755            
0            0            1.07637            -0.912611            
0            0            1.07827            -0.908455            
0            0            1.08015            -0.904285            
0            0            1.08202            -0.900103            
0            0            1.08387            -0.895908            
0            0            1.0857            -0.891701            
0            0            1.08752            -0.887481            
0            0            1.08932            -0.883248            
0            0            1.09111            -0.879002            
0            0            1.09288            -0.874744            
0            0            1.09464            -0.870473            
0            0            1.09638            -0.866189            
0            0            1.09811            -0.861893            
0            0            1.09982            -0.857584            
0            0            1.10151            -0.853263            
