Sun                                    Earth                                    
0            0            1            0            
0            0            0.978552            0.0596326            
0            0            0.953157            0.119265            
0            0            0.923661            0.178648            
0            0            0.88992            0.237499            
0            0            0.8518            0.295504            
0            0            0.809184            0.352309            
0            0            0.761979            0.407521            
0            0            0.710128            0.460711            
0            0            0.653614            0.511407            
0            0            0.592478            0.559104            
0            0            0.526827            0.60327            
0            0            0.45685            0.643352            
0            0            0.382825            0.678799            
0            0            0.305129            0.709076            
0            0            0.22424            0.733691            
0            0            0.140731            0.752221            
0            0            0.0552628            0.764336            
0            0            -0.0314455            0.769825            
0            0            -0.118639            0.768609            
0            0            -0.20556            0.760748            
0            0            -0.291486            0.746436            
0            0            -0.375754            0.725987            
0            0            -0.457785            0.699811            
0            0            -0.537101            0.668389            
0            0            -0.613326            0.632242            
0            0            -0.686188            0.59191            
0            0            -0.755507            0.547925            
0            0            -0.821186            0.500801            
0            0            -0.883195            0.451015            
0            0            -0.941562            0.399008            
0            0            -0.996353            0.345175            
0            0            -1.04767            0.289869            
0            0            -1.09563            0.233401            
0            0            -1.14037            0.176042            
0            0            -1.18203            0.118027            
0            0            -1.22077            0.0595602            
0            0            -1.25672            0.000815225            
0            0            -1.29003            -0.0580585            
0            0            -1.32084            -0.116934            
0            0            -1.34928            -0.175703            
0            0            -1.37549            -0.234274            
0            0            -1.39958            -0.292569            
0            0            -1.42168            -0.350525            
0            0            -1.44188            -0.408085            
0            0            -1.4603            -0.465204            
0            0            -1.47702            -0.521844            
0            0            -1.49215            -0.577975            
0            0            -1.50576            -0.633569            
0            0            -1.51792            -0.688606            
0            0            -1.52873            -0.74307            
0            0            -1.53824            -0.796947            
0            0            -1.54652            -0.850226            
0            0            -1.55364            -0.902901            
0            0            -1.55964            -0.954964            
0            0            -1.56459            -1.00641            
0            0            -1.56853            -1.05725            
0            0            -1.57151            -1.10746            
0            0            -1.57358            -1.15706            
0            0            -1.57477            -1.20605            
0            0            -1.57513            -1.25442            
0            0            -1.57469            -1.30218            
0            0            -1.57349            -1.34933            
0            0            -1.57157            -1.39588            
0            0            -1.56894            -1.44184            
0            0            -1.56565            -1.4872            
0            0            -1.56171            -1.53197            
0            0            -1.55717            -1.57616            
0            0            -1.55203            -1.61977            
0            0            -1.54633            -1.66281            
0            0            -1.54009            -1.70528            
0            0            -1.53332            -1.74719            
0            0            -1.52605            -1.78855            
0            0            -1.51831            -1.82936            
0            0            -1.51009            -1.86962            
0            0            -1.50144            -1.90935            
0            0            -1.49235            -1.94854            
0            0            -1.48285            -1.98721            
0            0            -1.47295            -2.02536            
0            0            -1.46266            -2.06299            
0            0            -1.45201            -2.10012            
0            0            -1.441            -2.13674            
0            0            -1.42964            -2.17287            
0            0            -1.41795            -2.2085            
0            0            -1.40595            -2.24364            
0            0            -1.39363            -2.2783            
0            0            -1.38101            -2.31248            
0            0            -1.3681            -2.3462            
0            0            -1.35492            -2.37944            
0            0            -1.34146            -2.41222            
0            0            -1.32775            -2.44455            
0            0            -1.31378            -2.47642            
0            0            -1.29957            -2.50784            
0            0            -1.28513            -2.53882            
0            0            -1.27045            -2.56936            
0            0            -1.25556            -2.59947            
0            0            -1.24045            -2.62914            
0            0            -1.22514            -2.65839            
0            0            -1.20963            -2.68721            
0            0            -1.19392            -2.71562            
0            0            -1.17803            -2.74361            
